C:\Users\ADMIN\.jdks\openjdk-23.0.1\bin\java.exe "-javaagent:C:\Program Files\JetBrains\IntelliJ IDEA 2024.2.3\lib\idea_rt.jar=52567:C:\Program Files\JetBrains\IntelliJ IDEA 2024.2.3\bin" -Dfile.encoding=UTF-8 -Dsun.stdout.encoding=UTF-8 -Dsun.stderr.encoding=UTF-8 -classpath D:\code\java_oop\tailieu\dethi\FinalExam\OOPKHI2425_FinalExam_De1\out\production\OOPKHI2425_FinalExam_De1 hus.oop.basicstatistics.TestBasicStatistics
Test MyArrayList: 
[7.032826946891352 20.875876289902138 19.413101242429672 5.084446642757786 5.2351509557563 17.865917856673335 9.053142202957392 19.966871467228682 20.978683160412828 14.141813100660142 5.4410490379493694 9.549968732898986 10.485311595990659 4.043369848404643 16.731437026089523 17.309356344378255 2.730708808869401 7.265822288127662 18.252975923145403 16.470697953878965 14.898090960905883 11.883483881017495 19.288947774476135 18.95373585222023 16.975598675982898 5.11946415685204 13.1264902352892 15.350048457637177 1.2327720674252465 6.898686073236066 4.596319852861505 7.036220657335132 12.56549770612575 17.881589207898134 8.641143994337225 9.74676310648944 19.077713600066176 18.461062264216846 5.892382703297629 4.278779871168036 8.772068662235975]
Max= 20.978683160412828
Min= 1.2327720674252465
Mean= 11.91720456552382
Variance= 35.18170176579219
Test MyLinkedList: 
[14.978356869673437 11.89687646623998 10.846963456829608 1.0761107352280144 7.67929260569232 6.151562405250221 16.898869085803156 3.064434171843579 20.496708382758158 17.04755444136876 14.169294844604027 1.86643740748646 19.700747955428003 9.18463464473658 7.963131560863271 19.665725722192626 9.431108735234229 14.172716875650245 13.668669976319016 19.926250663326773 13.412925802398025 2.2084956963088733 17.281817178633485 3.1850893725147302 11.46049758365694 3.260651523975994 2.7289651530862282 1.244364480047583 9.697694145299245 3.203578430646582 16.997417888006147 8.510479707047782 8.365281719777473 9.087252988456466 3.086196593584968 14.638988554230266 9.151809283387523 4.703522535652601]
Max= 20.496708382758158
Min= 1.0761107352280144
Mean= 10.055538832716827
Variance= 35.208811230363594

Process finished with exit code 0
